4790.218
4918.999
4920.505
4957.033
4957.609
5041.759
5041.081
5080.383
5083.342
5110.414
5328.050
5330.777
5341.093
5343.283
5371.493
5400.562
5656.659
5764.418
5852.489
5881.900
5944.830
5975.530
6029.997
6074.338
6096.160
6143.062
6163.590
6217.281
6266.445
6304.790
6334.428
6382.991
6402.246
6506.528
6532.880
6598.953
6678.276
6717.043
6929.488
7032.413
7173.939
7245.167
7438.899
7488.872
7943.180
8136.406
8266.076
8300.326
8377.607
8418.427
8495.360
8591.258
8634.648
8681.920
8780.622
8919.501
9148.680 
